start=6143.763000
pause=yes
gamma=-6
contrast=1
panscan=0.100000
